-27
-81
-86
98
-98
102
94
-85
-92
-83
-88
-59
-100
-93
57
59
-86
-43
-92
-88
69
-69
-96
-82
76
-80
89
-69
-87
102
88
-69
-101
77
95
-74
-92
72
-94
100
-93
-71
-105
-74
82
97
-102
-92
76
86
-97
89
-93
82
89
-24
-85
83
95
81
88
66
-73
-100
-102
-76
-82
101
97
91
-92
102
79
-102
-98
92
-76
103
-97
-76
-102
80
72
82
86
101
98
95
100
-103
-90
-99
-77
-97
83
-99
77
84
-11
78
60
94
102
89
68
71
97
-80
86
-93
98
94
87
100
-77
101
13
-88
-91
-102
-94
-36
105
-95
81
83
102
96
94
-102
42
-84
56
83
79
98
-92
94
-51
87
84
-85
-91
-77
87
98
-53
92
-63
-99
47
-106
-80
78
-100
-87
100
-75
64
49
-90
72
-103
-81
-64
94
94
98
97
-87
-105
42
57
-92
53
98
47
-96
-76
97
95
-97
92
-101
-77
98
-96
-88
103
-104
-72
-40
-81
97
84
78
-102
106
98
-74
91
87
-105
87
-59
81
-100
100
95
101
104
74
45
96
-98
-94
-102
92
90
-93
-99
100
100
-100
-81
-94
-90
98
-82
88
96
94
97
62
-49
-23
95
79
-91
64
-101
87
86
104
56
-50
-87
85
-92
-96
94
-104
-77
85
70
100
-63
85
76
99
91
-97
-90
82
95
-105
91
75
102
74
-103
-100
104
-99
-91
61
-95
47
103
-80
69
-19
58
48
88
-88
101
94
-58
-94
91
-78
-97
87
-94
102
100
66
98
94
84
91
-63
-96
79
-90
-56
-75
-81
-82
-84
-80
-67
101
87
-65
-97
63
92
-97
104
-102
96
-71
-87
104
-95
-87
91
-87
92
93
-103
-88
-99
93
-103
-87
-80
66
-101
-96
-77
75
101
-105
-98
102
-96
-103
-100
-100
-91
-50
73
57
-45
-84
96
-83
77
-90
90
-93
-104
-64
-71
104
-105
-72
105
74
86
-62
-84
-83
103
-96
-41
-97
-83
100
-94
-65
99
99
-82
54
-97
85
-91
99
-104
-101
67
-96
40
-96
34
-101
77
-99
-92
-92
93
97
83
-100
-100
-98
-102
-97
-92
82
-89
104
89
83
90
100
100
80
93
102
78
-104
-102
98
83
-99
-102
-61
105
96
-93
-98
-90
104
-100
92
60
95
-98
99
-88
-99
-81
-93
93
-69
-83
-91
96
81
-101
-103
104
51
-99
91
91
-103
-85
95
-95
67
32
-87
75
-77
-100
82
99
77
-97
-84
90
101
-100
-95
-104
-93
103
70
82
41
96
-55
-98
-70
104
-100
82
91
93
-78
94
-87
-101
-103
-84
-62
-94
72
-62
96
91
102
83
-86
-103
84
-85
69
-95
104
-96
-84
-25
-98
-80
95
87
-80
84
-93
-92
55
95
5
-69
102
103
99
-95
104
101
-96
-103
-101
104
-80
94
82
103
-100
101
-98
-64
84
104
-55
-99
-100
-48
95
-98
99
-96
-63
103
93
89
90
53
80
94
98
-101
99
-104
101
97
-66
-72
94
-101
-96
-106
102
-88
63
80
92
-99
-51
-87
-49
98
95
-93
-48
94
-80
-78
-106
-93
-96
89
87
-77
86
84
-98
102
95
-73
62
-104
67
-84
-101
38
-95
-89
-89
-104
-104
98
-88
104
-100
48
95
-50
-75
-101
-91
51
-63
97
92
70
73
93
-96
101
97
-5
102
-103
57
94
47
103
-105
-95
-106
-61
-97
93
-79
102
-104
-97
91
-99
-99
95
-103
64
-59
-80
-77
-86
-98
28
58
-86
77
101
-93
-87
102
6
102
-56
-77
-45
100
94
-75
102
-95
97
92
104
86
103
-93
100
-71
-101
-100
99
80
-68
-86
-95
25
-98
96
95
86
-78
-70
94
100
16
-64
-87
-93
91
103
89
-83
-87
78
-98
72
98
-102
78
-90
-104
99
-71
70
-33
95
78
-44
-94
-61
-79
-104
103
98
-68
85
100
-71
-75
85
59
-70
-91
-79
-99
73
-98
-97
97
42
-81
95
-94
-99
105
21
87
-86
-13
90
-77
-100
54
-79
100
-43
-94
-79
92
-98
85
-82
-59
-95
-102
-7
-72
-99
-94
35
87
-92
-102
-90
-87
92
-81
85
-94
73
-84
-88
50
79
-83
85
89
-72
40
96
-100
88
-99
-72
83
98
62
97
-78
-90
-63
87
-106
-26
89
58
101
-96
104
-96
94
-93
-93
74
-98
87
86
81
92
75
-50
93
83
31
98
87
88
-92
71
66
96
-87
-100
68
-99
101
100
102
-86
93
102
-91
105
85
65
95
88
-100
-90
-100
89
101
-97
-89
-66
97
81
-105
30
64
101
-96
86
94
79
103
101
92
87
-95
-91
100
84
102
-83
-95
-95
90
97
-92
97
-89
-88
-82
-83
-87
-82
-93
103
-88
63
96
88
-102
79
-100
-96
90
-89
101
102
102
-100
89
101
-97
79
103
101
-95
-91
-95
-82
-82
96
79
-100
-96
42
-68
100
-98
82
103
-86
94
82
98
-100
99
-85
92
102
-96
-96
-88
101
92
-55
100
-84
-94
62
-62
-101
101
68
-88
-81
99
87
-97
-74
97
-102
99
-81
103
97
84
101
86
101
72
-44
-84
-93
103
88
-83
96
-103
-85
77
84
-11
78
60
94
102
89
68
71
97
-80
86
