-805
-751
-746
734
-734
730
738
-747
-740
-749
-744
-773
-732
-739
775
773
-746
-789
-740
-744
763
-763
-736
-750
756
-752
743
-763
-745
730
744
-763
-731
755
737
-758
-740
760
-738
732
-739
-761
-727
-758
750
735
-730
-740
756
746
-735
743
-739
750
743
-808
-747
749
737
751
744
766
-759
-732
-730
-756
-750
731
735
741
-740
730
753
-730
-734
740
-756
729
-735
-756
-730
752
760
750
746
731
734
737
732
-729
-742
-733
-755
-735
749
-733
755
748
-821
754
772
738
730
743
764
761
735
-752
746
-739
734
738
745
732
-755
731
819
-744
-741
-730
-738
-796
727
-737
751
749
730
736
738
-730
790
-748
776
749
753
734
-740
738
-781
745
748
-747
-741
-755
745
734
-779
740
-769
-733
785
-726
-752
754
-732
-745
732
-757
768
783
-742
760
-729
-751
-768
738
738
734
735
-745
-727
790
775
-740
779
734
785
-736
-756
735
737
-735
740
-731
-755
734
-736
-744
729
-728
-760
-792
-751
735
748
754
-730
726
734
-758
741
745
-727
745
-773
751
-732
732
737
731
728
758
787
736
-734
-738
-730
740
742
-739
-733
732
732
-732
-751
-738
-742
734
-750
744
736
738
735
770
-783
855
737
753
-741
768
-731
745
746
728
776
-782
-745
747
-740
-736
738
-728
-755
747
762
732
-769
747
756
733
741
-735
-742
750
737
-727
741
757
730
758
-729
-732
728
-733
-741
771
-737
785
729
-752
763
-813
774
784
744
-744
731
738
-774
-738
741
-754
-735
745
-738
730
732
766
734
738
748
741
-769
-736
753
-742
-776
-757
-751
-750
-748
-752
-765
731
745
-767
-735
769
740
-735
728
-730
736
-761
-745
728
-737
-745
741
-745
740
739
-729
-744
-733
739
-729
-745
-752
766
-731
-736
-755
757
731
-727
-734
730
-736
-729
-732
-732
-741
-782
759
775
-787
-748
736
-749
755
-742
742
-739
-728
-768
-761
728
-727
-760
727
758
746
-770
-748
-749
729
-736
-791
-735
-749
732
-738
-767
733
733
-750
778
-735
747
-741
733
-728
-731
765
-736
792
-736
798
-731
755
-733
-740
-740
739
735
749
-732
-732
-734
-730
-735
-740
750
-743
728
743
749
742
732
732
752
739
730
754
-728
-730
734
749
-733
-730
-771
727
736
-739
-734
-742
728
-732
740
772
737
-734
733
-744
-733
-751
-739
739
-763
-749
-741
736
751
-731
-729
728
781
-733
741
741
-729
-747
737
-737
765
800
-745
757
-755
-732
750
733
755
-735
-748
742
731
-732
-737
-728
-739
729
762
750
791
736
-777
-734
-762
728
-732
750
741
739
-754
738
-745
-731
-729
-748
-770
-738
760
-770
736
741
730
749
-746
-729
748
-747
763
-737
728
-736
-748
-807
-734
-752
737
745
-752
748
-739
-740
777
737
-837
-763
730
729
733
-737
728
731
-736
-729
-731
728
-752
738
750
729
-732
731
-734
-768
748
728
-777
-733
-732
-784
737
-734
733
-736
-769
729
739
743
742
779
752
738
734
-731
733
-728
731
735
-766
-760
738
-731
-736
-726
730
-744
769
752
740
-733
-781
-745
-783
734
737
-739
-784
738
-752
-754
-726
-739
-736
743
745
-755
746
748
-734
730
737
-759
770
-728
765
-748
-731
794
-737
-743
-743
-728
-728
734
-744
728
-732
784
737
-782
-757
-731
-741
781
-769
735
740
762
759
739
-736
731
735
-827
730
-729
775
738
785
729
-727
-737
-726
-771
-735
739
-753
730
-728
-735
741
-733
-733
737
-729
768
-773
-752
-755
-746
-734
804
774
-746
755
731
-739
-745
730
-838
730
-776
-755
-787
732
738
-757
730
-737
735
740
728
746
729
-739
732
-761
-731
-732
733
752
-764
-746
-737
807
-734
736
737
746
-754
-762
738
732
816
-768
-745
-739
741
729
743
-749
-745
754
-734
760
734
-730
754
-742
-728
733
-761
762
-799
737
754
-788
-738
-771
-753
-728
729
734
-764
747
732
-761
-757
747
773
-762
-741
-753
-733
759
-734
-735
735
790
-751
737
-738
-733
727
811
745
-746
-819
742
-755
-732
778
-753
732
-789
-738
-753
740
-734
747
-750
-773
-737
-730
839
-760
-733
-738
797
745
-740
-730
-742
-745
740
-751
747
-738
759
-748
-744
782
753
-749
747
743
-760
792
736
-732
744
-733
-760
749
734
770
735
-754
-742
-769
745
-726
-806
743
774
731
-736
728
-736
738
-739
-739
758
-734
745
746
751
740
757
-782
739
749
801
734
745
744
-740
761
766
736
-745
-732
764
-733
731
732
730
-746
739
730
-741
727
747
767
737
744
-732
-742
-732
743
731
-735
-743
-766
735
751
-727
802
768
731
-736
746
738
753
729
731
740
745
-737
-741
732
748
730
-749
-737
-737
742
735
-740
735
-743
-744
-750
-749
-745
-750
-739
729
-744
769
736
744
-730
753
-732
-736
742
-743
731
730
730
-732
743
731
-735
753
729
731
-737
-741
-737
-750
-750
736
753
-732
-736
790
-764
732
-734
750
729
-746
738
750
734
-732
733
-747
740
730
-736
-736
-744
731
740
-777
732
767
-741
-729
-748
752
730
735
-732
-729
-739
-752
753
-734
-805
741
-744
-742
-743
-749
743
-741
735
726
758
749
731
733
733
736
-742
-731
-742
-744
-748
-739
-744
741
-742
743
786
730
-739
763
-738
763
-748
780
750
736
-738
740
743
735
-739
-751
-874
-744
737
727
746
727
-733
-728
797
751
727
745
-767
736
-784
-732
770
-752
-730
727
747
735
-737
742
-737
-757
734
-766
-730
731
743
735
-739
-751
-874
-744
737
727
746
727
-733
-728
797
751
727
745
-767
736
-784
-732
770
-752
-730
727
747
735
-737
742
-737
-757
734
-766
-730
731
736
-742
730
734
-731
731
748
744
-738
-738
-730
-736
747
745
736
-738
731
779
744
-733
-791
-741
756
-739
-746
733
-737
-740
766
-772
736
755
-740
-726
-772
751
-747
728
750
759
-743
743
-747
737
755
738
-801
755
733
752
-754
786
-733
-734
756
750
765
-739
-737
753
735
-735
748
785
737
-752
-747
-774
-765
730
735
731
-743
-745
728
732
738
-740
732
-737
730
745
-773
735
-747
-733
-745
-760
-756
734
815
-752
-731
-751
811
739
735
730
769
729
-735
730
736
-782
-751
-771
-772
776
-733
-756
773
759
743
-740
-731
-734
776
737
-734
-743
-739
737
751
747
-731
739
797
738
753
-745
-729
-733
735
758
727
732
-762
776
739
-787
756
-754
-742
741
-741
-746
-742
-748
-738
770
-770
-731
731
764
-744
-751
733
745
-735
-758
735
-730
733
-751
729
735
748
731
746
731
760
-788
-748
-739
729
744
-749
736
-729
-747
737
739
-771
768
740
730
-734
737
-740
-732
730
-770
732
761
-731
747
-733
748
731
728
-751
733
-734
-744
-733
-731
782
732
-742
748
748
753
-737
764
766
739
735
747
-736
-736
753
-752
741
-747
-737
749
-731
-733
744
-730
-733
812
768
-738
746
-756
741
728
764
-730
727
739
-769
730
780
-736
-731
743
762
-739
-765
-733
734
734
752
730
-747
-735
740
-767
730
-737
728
-739
732
-744
733
748
738
758
-747
-751
736
-731
-733
-734
-730
737
-729
-749
-768
-730
-730
-744
765
-736
739
735
734
-787
-729
741
-752
746
-762
-772
742
-735
-728
-743
753
-734
-742
736
-731
-733
-734
-730
737
-729
-749
-768
-730
-730
-744
765
-736
739
735
734
-787
-729
741
-752
746
-762
-772
742
-735
-728
-743
753
-733
744
731
-749
-731
799
747
-758
774
734
-731
730
-739
-807
738
734
753
737
-796
-733
-734
-737
739
760
739
754
732
730
-739
734
737
-772
-730
-731
-729
-728
771
-730
757
-734
-729
-754
-740
750
-768
-741
-731
-738
-733
731
-737
736
-750
779
-768
730
-771
-750
-740
-739
730
-732
-730
729
-741
733
-745
-739
-755
750
740
749
735
730
-764
740
-821
737
-751
-755
743
765
764
-780
-755
731
740
748
731
750
740
767
738
-742
-741
-742
-735
-740
747
-740
-729
-786
-733
-736
737
-763
-774
728
-744
-780
-728
-732
-778
738
-729
-756
733
742
-754
736
-731
-749
-731
728
755
-731
-750
-745
758
739
-753
-765
-730
735
-745
734
-734
752
731
729
746
731
-759
-759
734
762
733
-770
-735
-747
-754
743
740
-733
-731
-727
-730
730
733
-740
-760
742
-779
-817
-775
-731
753
753
-740
738
745
-741
745
740
785
-745
-757
-768
734
775
785
-736
737
740
-755
-744
-728
-792
734
741
-732
728
787
736
-738
-739
-732
734
744
738
855
-743
737
732
736
-730
748
-741
-761
-737
747
741
749
-733
804
748
731
735
-727
-730
731
-769
731
737
748
733
-727
-781
-728
-728
-774
746
739
-759
737
-745
733
733
-742
-744
763
-734
-798
750
763
-738
741
-735
-742
739
-755
750
732
782
-744
771
769
-744
785
733
732
751
-745
735
739
741
-749
-740
749
736
749
737
733
-742
-731
735
732
-732
746
-738
727
-763
-731
-729
-736
730
750
736
788
759
-726
760
-731
-730
-759
778
-737
732
-742
748
748
753
-737
764
766
739
735
747
-736
-736
753
-752
741
-747
-737
749
-731
-733
744
-730
-733
812
768
-738
746
-756
741
728
764
-730
727
739
-769
730
-743
737
732
736
-730
748
-741
-761
-737
747
741
749
-733
804
748
731
735
-727
-730
731
-769
731
737
748
733
-727
-781
-728
-728
-774
746
739
-759
737
-745
733
-748
-743
731
730
730
-732
743
731
-735
753
729
731
-737
-741
-737
-750
-750
736
753
-732
-736
790
-764
732
-734
750
729
-748
-738
770
-770
-731
731
764
-744
-751
733
745
-735
-758
735
-730
733
-751
729
735
748
731
746
731
760
-788
-748
-739
729
744
-749
736
-729
-747
737
739
-771
768
730
762
733
-770
-735
-747
-754
743
740
-733
-731
-727
-730
730
733
-740
-760
742
-779
-817
-775
-731
753
-747
738
-763
-747
738
-763
-740
-739
745
734
-737
741
772
730
772
-750
741
-730
-755
752
744
-749
766
739
-730
-741
-735
735
-795
-756
732
-726
761
-736
-862
744
-739
728
735
-747
-733
-745
-760
-756
734
815
750
740
767
738
-742
-741
-742
-735
745
742
761
733
-742
-772
-731
743
-728
733
748
-747
-754
748
736
755
-740
-726
-772
751
-747
-748
-738
770
-770
-731
731
764
-744
-751
733
745
-735
-758
735
-730
733
-751
729
735
748
731
746
731
760
-788
-748
-739
729
744
-749
736
-729
-747
755
748
-821
754
772
738
730
743
764
761
735
-752
746
-739
734
740
730
-734
737
-740
-732
730
-770
732
761
-731
747
-733
748
731
