-27
-81
-86
98
-98
102
94
-85
-92
-83
-88
-59
-100
-93
57
59
-86
-43
-92
-88
69
-69
-96
-82
76
-80
89
-69
-87
102
88
-69
-101
77
95
-74
-92
72
-94
100
-93
-71
-105
-74
82
97
-102
-92
76
86
-97
89
-93
82
89
-24
-85
83
95
81
88
66
-73
-100
-102
-76
-82
101
97
91
-92
102
79
-102
-98
92
-76
103
-97
-76
-102
80
72
82
86
101
98
95
100
-103
-90
-99
-77
-97
83
-99
77
84
-11
78
60
94
102
89
68
71
97
-80
86
-93
98
94
87
100
-77
101
13
-88
-91
-102
-94
-36
105
-95
81
83
102
96
94
-102
42
-84
56
83
79
98
-92
94
-51
87
84
-85
-91
-77
87
98
-53
92
-63
-99
47
-106
-80
78
-100
-87
100
-75
64
49
-90
72
-103
-81
-64
94
94
98
97
-87
-105
42
57
-92
53
98
47
-96
-76
97
95
-97
92
-101
-77
98
-96
-88
103
-104
-72
-40
-81
97
84
78
-102
106
98
-74
91
87
-105
87
-59
81
-100
100
95
101
104
74
45
96
-98
-94
-102
92
90
-93
-99
100
100
-100
-81
-94
-90
98
-82
88
96
94
97
62
-49
-23
95
79
-91
64
-101
87
86
104
56
-50
-87
85
-92
-96
94
-104
-77
85
70
100
-63
85
76
99
91
-97
-90
82
95
-105
91
75
102
74
-103
-100
104
-99
-91
61
-95
47
103
-80
69
-19
58
48
88
-88
101
94
-58
-94
91
-78
-97
87
-94
102
100
66
98
94
84
91
-63
-96
79
-90
-56
-75
-81
-82
-84
-80
-67
101
87
-65
-97
63
92
-97
104
-102
96
-71
-87
104
-95
-87
91
-87
92
93
-103
-88
-99
93
-103
-87
-80
66
-101
-96
-77
75
101
-105
-98
102
-96
-103
-100
-100
-91
-50
73
57
-45
-84
96
-83
77
-90
90
-93
-104
-64
-71
104
-105
-72
105
74
86
-62
-84
-83
103
-96
-41
-97
-83
100
-94
-65
99
99
-82
54
-97
85
-91
99
-104
-101
67
-96
40
-96
34
-101
77
-99
-92
-92
93
97
83
-100
-100
-98
-102
-97
-92
82
-89
104
89
83
90
100
100
80
93
102
78
-104
-102
98
83
-99
-102
-61
105
96
-93
-98
-90
104
-100
92
60
95
-98
99
-88
-99
-81
-93
93
-69
-83
-91
96
81
-101
-103
104
51
-99
91
91
-103
-85
95
-95
67
32
-87
75
-77
-100
82
99
77
-97
-84
90
101
-100
-95
-104
-93
103
70
82
41
96
-55
-98
-70
104
-100
82
91
93
-78
94
-87
-101
-103
-84
-62
-94
72
-62
96
91
102
83
-86
-103
84
-85
69
-95
104
-96
-84
-25
-98
-80
95
87
-80
84
-93
-92
55
95
5
-69
102
103
99
-95
104
101
-96
-103
-101
104
-80
94
82
103
-100
101
-98
-64
84
104
-55
-99
-100
-48
95
-98
99
-96
-63
103
93
89
90
53
80
94
98
-101
99
-104
101
97
-66
-72
94
-101
-96
-106
102
-88
63
80
92
-99
-51
-87
-49
98
95
-93
-48
94
-80
-78
-106
-93
-96
89
87
-77
86
84
-98
102
95
-73
62
-104
67
-84
-101
38
-95
-89
-89
-104
-104
98
-88
104
-100
48
95
-50
-75
-101
-91
51
-63
97
92
70
73
93
-96
101
97
-5
102
-103
57
94
47
103
-105
-95
-106
-61
-97
93
-79
102
-104
-97
91
-99
-99
95
-103
64
-59
-80
-77
-86
-98
28
58
-86
77
101
-93
-87
102
6
102
-56
-77
-45
100
94
-75
102
-95
97
92
104
86
103
-93
100
-71
-101
-100
99
80
-68
-86
-95
25
-98
96
95
86
-78
-70
94
100
16
-64
-87
-93
91
103
89
-83
-87
78
-98
72
98
-102
78
-90
-104
99
-71
70
-33
95
78
-44
-94
-61
-79
-104
103
98
-68
85
100
-71
-75
85
59
-70
-91
-79
-99
73
-98
-97
97
42
-81
95
-94
-99
105
21
87
-86
-13
90
-77
-100
54
-79
100
-43
-94
-79
92
-98
85
-82
-59
-95
-102
-7
-72
-99
-94
35
87
-92
-102
-90
-87
92
-81
85
-94
73
-84
-88
50
79
-83
85
89
-72
40
96
-100
88
-99
-72
83
98
62
97
-78
-90
-63
87
-106
-26
89
58
101
-96
104
-96
94
-93
-93
74
-98
87
86
81
92
75
-50
93
83
31
98
87
88
-92
71
66
96
-87
-100
68
-99
101
100
102
-86
93
102
-91
105
85
65
95
88
-100
-90
-100
89
101
-97
-89
-66
97
81
-105
30
64
101
-96
86
94
79
103
101
92
87
-95
-91
100
84
102
-83
-95
-95
90
97
-92
97
-89
-88
-82
-83
-87
-82
-93
103
-88
63
96
88
-102
79
-100
-96
90
-89
101
102
102
-100
89
101
-97
79
103
101
-95
-91
-95
-82
-82
96
79
-100
-96
42
-68
100
-98
82
103
-86
94
82
98
-100
99
-85
92
102
-96
-96
-88
101
92
-55
100
65
-91
-103
-84
80
102
97
-100
-103
-93
-80
79
-98
-27
91
-88
-90
-89
-83
89
-91
97
106
74
83
101
99
99
96
-90
-101
-90
-88
-84
-93
-88
91
-90
89
46
102
-93
69
-94
69
-84
52
82
96
-94
92
89
97
-93
-81
42
-88
95
105
86
105
-99
-104
35
81
105
87
-65
96
-48
-100
62
-80
-102
105
85
97
-95
90
-95
-75
98
-66
-102
101
89
97
-93
-81
42
-88
95
105
86
105
-99
-104
35
81
105
87
-65
96
-48
-100
62
-80
-102
105
85
97
-95
90
-95
-75
98
-66
-102
101
96
-90
102
98
-101
101
84
88
-94
-94
-102
-96
85
87
96
-94
101
53
88
-99
-41
-91
76
-93
-86
99
-95
-92
66
-60
96
77
-92
-106
-60
81
-85
104
82
73
-89
89
-85
95
77
94
-31
77
99
80
-78
46
-99
-98
76
82
67
-93
-95
79
97
-97
84
47
95
-80
-85
-58
-67
102
97
101
-89
-87
104
100
94
-92
100
-95
102
87
-59
97
-85
-99
-87
-72
-76
98
17
-80
-101
-81
21
93
97
102
63
103
-97
102
96
-50
-81
-61
-60
56
-99
-76
59
73
89
-92
-101
-98
56
95
-98
-89
-93
95
81
85
-101
93
35
94
79
-87
-103
-99
97
74
105
100
-70
56
93
-45
76
-78
-90
91
-91
-86
-90
-84
-94
62
-62
-101
101
68
-88
-81
99
87
-97
-74
97
-102
99
-81
103
97
84
101
86
101
72
-44
-84
-93
103
88
-83
96
-103
-85
95
93
-61
64
92
102
-98
95
-92
-100
102
-62
100
71
-101
85
-99
84
101
104
-81
99
-98
-88
-99
-101
50
100
-90
84
84
79
-95
68
66
93
97
85
-96
-96
79
-80
91
-85
-95
83
-101
-99
88
-102
-99
20
64
-94
86
-76
91
104
68
-102
105
93
-63
102
52
-96
-101
89
70
-93
-67
-99
98
98
80
102
-85
-97
92
-65
102
-95
104
-93
100
-88
99
84
94
74
-85
-81
96
-101
-99
-98
-102
95
-103
-83
-64
-102
-102
-88
67
-96
93
97
98
-45
-103
91
-80
86
-70
-60
90
-97
-104
-89
79
-98
-90
96
-101
-99
-98
-102
95
-103
-83
-64
-102
-102
-88
67
-96
93
97
98
-45
-103
91
-80
86
-70
-60
90
-97
-104
-89
79
-99
88
101
-83
-101
33
85
-74
58
98
-101
102
-93
-25
94
98
79
95
-36
-99
-98
-95
93
72
93
78
100
102
-93
98
95
-60
-102
-101
-103
-104
61
-102
75
-98
-103
-78
-92
82
-64
-91
-101
-94
-99
101
-95
96
-82
53
-64
102
-61
-82
-92
-93
102
-100
-102
103
-91
99
-87
-93
-77
82
92
83
97
102
-68
92
-11
95
-81
-77
89
67
68
-52
-77
101
92
84
101
82
92
65
94
-90
-91
-90
-97
-92
85
-92
-103
-46
-99
-96
95
-69
-58
104
-88
-52
-104
-100
-54
94
-103
-76
99
90
-78
96
-101
-83
-101
104
77
-101
-82
-87
74
93
-79
-67
-102
97
-87
98
-98
80
101
103
86
101
-73
-73
98
70
99
-62
-97
-85
-78
89
92
-99
-101
-105
-102
102
99
-92
-72
90
-53
-15
-57
-101
79
79
-92
94
87
-91
87
92
47
-87
-75
-64
98
57
47
-96
95
92
-77
-88
-104
-40
98
91
-100
104
45
96
-94
-93
-100
98
88
94
-23
-89
95
100
96
-102
84
-91
-71
-95
85
91
83
-99
28
84
101
97
-105
-102
101
-63
101
95
84
99
-105
-51
-104
-104
-58
86
93
-73
95
-87
99
99
-90
-88
69
-98
-34
82
69
-94
91
-97
-90
93
-77
82
100
50
-88
61
63
-88
47
99
100
81
-87
97
93
91
-83
-92
83
96
83
95
99
-90
-101
97
100
-100
86
-94
105
-69
-101
-103
-96
102
82
96
44
73
-106
72
-101
-102
-73
54
-95
100
-90
84
84
79
-95
68
66
93
97
85
-96
-96
79
-80
91
-85
-95
83
-101
-99
88
-102
-99
20
64
-94
86
-76
91
104
68
-102
105
93
-63
102
-89
95
100
96
-102
84
-91
-71
-95
85
91
83
-99
28
84
101
97
-105
-102
101
-63
101
95
84
99
-105
-51
-104
-104
-58
86
93
-73
95
-87
99
-84
-89
101
102
102
-100
89
101
-97
79
103
101
-95
-91
-95
-82
-82
96
79
-100
-96
42
-68
100
-98
82
103
-84
-94
62
-62
-101
101
68
-88
-81
99
87
-97
-74
97
-102
99
-81
103
97
84
101
86
101
72
-44
-84
-93
103
88
-83
96
-103
-85
95
93
-61
64
102
70
99
-62
-97
-85
-78
89
92
-99
-101
-105
-102
102
99
-92
-72
90
-53
-15
-57
-101
79
-85
94
-69
-85
94
-69
-92
-93
87
98
-95
91
60
102
60
-82
91
-102
-77
80
88
-83
66
93
-102
-91
-97
97
-37
-76
100
-106
71
-96
30
88
-93
104
101
-62
92
53
82
-97
-74
-75
89
-66
79
-59
89
103
101
91
69
-98
-99
-92
-94
90
103
-90
-103
-69
-106
97
100
102
-91
101
-62
92
53
82
-97
-74
-75
89
-66
79
-59
89
103
101
91
69
-98
-99
-92
-94
90
103
-90
-103
-69
-106
97
100
102
-84
67
-63
91
-93
-90
-99
-87
96
-92
-102
-100
76
-39
-97
99
94
-80
-103
-79
-82
90
-69
-101
-97
104
-99
38
93
103
104
-97
92
104
-105
93
-96
77
95
94
-91
84
89
-70
-82
101
-102
78
-95
99
49
-90
62
-47
62
-94
-66
-100
75
85
-60
-90
68
-101
85
-80
-55
101
-105
-77
-97
96
-101
81
-29
88
-97
96
-88
-102
102
104
104
92
-95
-102
99
98
91
-103
102
89
-104
-84
65
81
-80
-99
38
-75
64
105
-104
102
101
-104
75
77
-81
-84
-92
103
105
45
-94
-82
68
-102
18
-75
-100
-77
-97
-98
-99
-96
85
64
94
-98
85
91
-70
-58
-92
-85
-98
94
-95
97
-84
91
93
87
82
-92
-99
-100
-94
-62
71
85
-80
90
102
-98
-78
-68
-103
-89
-49
-81
90
77
47
95
83
98
-102
62
-85
100
-99
-65
-100
97
85
96
76
91
101
100
76
83
89
99
100
-100
-94
86
-98
-96
-95
-82
98
-72
85
-86
98
93
99
-42
-98
95
32
-95
-96
96
96
-97
99
95
-91
91
-79
-82
-103
-92
-90
-89
-74
105
83
98
-58
100
66
36
99
-101
-95
100
104
-99
103
-51
100
88
94
-99
97
-98
92
-98
102
101
97
-95
-101
-77
-96
-46
92
104
51
88
-93
100
86
-100
-70
-93
-99
85
-74
-103
80
82
104
-97
-99
-4
91
-98
-37
-97
-91
90
93
100
59
78
-92
-99
-30
73
-83
100
-104
90
-94
93
101
-94
6
-91
76
-91
-98
94
65
-99
106
-89
-103
-61
63
97
-86
93
-65
-101
75
61
100
25
81
95
69
-93
-95
87
80
102
90
94
70
97
48
70
-96
-89
-104
90
-98
-90
65
-99
106
-89
-103
-61
63
97
-86
93
-65
-101
75
61
100
25
81
95
69
-93
-95
87
80
102
90
94
70
97
48
70
-96
-89
-104
90
-77
93
-95
69
65
-98
92
-60
-54
-78
97
-91
-91
-36
-35
90
88
103
99
-100
-62
-105
74
89
100
-83
-86
-7
-89
-83
-92
94
-95
-98
101
94
63
-105
-101
60
77
85
-87
82
104
94
-82
51
-83
-99
98
-89
-95
-101
-75
-85
99
-93
103
94
101
-99
95
-102
101
-98
-99
-102
105
103
-82
-65
-68
23
92
-96
-94
89
44
103
-93
-70
76
100
-105
-87
3
-68
56
102
-102
101
97
22
-80
-88
100
-80
-101
-72
70
-93
-89
57
87
-104
103
-100
65
94
-91
42
84
83
81
96
86
104
-90
33
92
94
-83
-93
-105
-19
-102
77
-99
-97
81
86
91
92
-93
98
91
76
-96
-76
88
96
-87
60
-95
88
-98
95
103
-70
-99
92
48
-80
92
-94
83
-72
-101
95
84
43
-101
-89
-100
92
66
-66
99
-81
105
-101
-86
-99
92
-103
-61
97
73
88
-94
-97
48
88
98
-99
-104
89
99
27
81
-96
35
-97
-103
-103
95
-64
103
102
-82
-89
93
-104
95
64
-101
104
-92
85
100
85
-90
95
102
74
104
61
103
69
-19
58
48
-88
101
-94
102
100
66
98
84
-96
79
-75
11
-94
103
103
84
98
-101
93
-73
-102
-86
-96
-84
-89
89
-98
-98
97
103
-61
81
-100
-97
-91
-102
82
-69
-104
-91
101
-82
82
-90
-89
-99
59
-71
-79
96
93
96
104
89
-50
49
94
100
95
93
-70
103
-96
103
75
101
91
-60
-99
103
-58
100
-65
-86
-97
101
100
-99
-91
82
102
81
92
-74
-74
-100
92
93
75
87
-45
99
86
79
89
94
-87
102
-80
100
-91
-103
-90
-76
-101
99
61
-90
-102
71
92
-99
85
-94
-102
90
88
-61
-94
-104
-100
-75
102
-101
96
-92
95
-96
-88
69
-98
-34
82
69
-94
91
-97
-90
93
-77
82
100
50
-88
61
63
-88
47
99
100
81
-87
97
93
91
-83
-92
83
96
83
95
79
-35
-103
77
-101
72
-43
90
-82
-61
-100
-93
-76
-48
-97
-96
101
-101
-96
95
-87
-101
106
105
76
76
-92
-103
-88
-58
-82
103
-52
85
99
-98
-79
-82
-103
-92
-90
-89
-74
105
83
98
-58
100
66
36
99
-101
-95
100
104
-99
103
-51
100
88
94
-99
97
-98
92
-98
102
101
97
-95
-101
-77
-96
-46
92
104
51
88
-93
100
86
-100
-95
-65
89
-98
-98
97
103
-61
81
-100
-97
-91
-102
82
-69
-104
-91
101
-82
82
-90
-89
-99
59
-71
-79
96
93
96
104
89
-50
49
94
100
-101
-90
105
-86
94
82
98
-100
99
-85
92
102
-96
-96
-88
101
92
-55
100
65
-91
-103
-84
80
102
97
-100
-103
-93
-80
79
-98
-27
91
-98
-78
-68
-103
-89
-49
-81
90
77
47
95
83
98
-102
62
-85
100
-99
-65
-100
97
85
96
76
91
101
100
76
83
89
-89
-100
92
66
-66
99
-81
105
-101
-86
-99
92
-103
-61
97
73
88
-94
-97
48
88
98
-99
-104
89
99
27
81
-96
35
-97
-103
-103
95
-64
103
102
-82
-89
93
-104
-102
-90
-74
-77
104
76
-81
-56
76
39
-97
48
-98
-97
86
99
88
-82
-91
-102
-90
-74
-77
104
76
-81
-56
76
39
-97
48
-98
-97
86
99
88
-82
1
-106
87
77
-83
98
-53
-99
-100
-90
-90
-81
-83
-99
-103
80
-101
-79
-95
55
-90
-102
79
98
101
103
101
-78
94
-105
-103
-105
95
81
64
-69
101
-95
90
97
84
-88
-104
-102
-79
-98
103
98
91
75
-86
88
81
83
102
-97
77
-84
-75
81
79
102
-93
90
-25
101
101
66
-92
103
-70
-35
92
86
-88
97
-88
101
-91
-98
96
91
92
-102
101
31
90
-93
-70
99
81
-96
85
-95
82
75
81
81
100
93
73
-91
104
-14
-89
-71
66
-102
-80
-96
-105
-95
-65
-90
94
72
103
-93
-87
-55
-101
-76
82
94
88
-103
41
-104
-103
-43
-17
85
-71
-98
-96
66
99
78
-88
82
94
-102
87
-80
-98
-100
71
88
-93
-79
-80
54
78
71
106
104
104
-73
94
69
80
-67
-97
66
-70
78
71
106
104
104
-73
94
69
80
-67
-97
66
-70
83
-89
-4
-62
99
94
-87
-100
100
92
59
99
-84
-100
21
96
67
-86
-89
87
-101
21
-104
97
99
-75
-100
105
-91
99
-101
65
-59
40
87
96
79
-65
103
83
84
-54
-86
-92
75
-84
-80
98
103
62
83
105
43
88
-102
93
-99
-88
104
-63
-78
-102
-58
102
-96
105
101
-102
81
-41
54
-88
-94
65
88
-90
32
55
101
103
-103
92
-81
-101
-102
87
-100
92
-103
-75
84
-95
95
-105
100
-102
-88
74
99
87
-99
86
-100
86
-78
102
102
-37
97
-98
105
-88
-95
101
103
100
98
-49
102
76
101
-88
-101
-90
105
-97
-82
-104
-99
102
-92
-101
85
-74
-68
79
-98
56
-99
100
-95
-92
79
-95
-78
-85
-78
-103
-98
92
-100
85
-94
69
-101
85
-47
-71
81
-85
-67
-75
-70
-88
86
98
-106
-95
-88
97
-101
47
78
89
94
-87
102
-80
100
-91
-103
-90
-76
-101
99
61
-90
-102
71
104
68
81
84
96
83
-99
-74
-99
-95
-78
-93
84
78
89
104
-102
102
-90
94
72
103
-93
-87
-55
-101
-76
82
94
88
-103
41
-104
-103
-43
-17
85
-71
-97
-82
-104
-99
102
-92
-101
85
-74
-68
79
-98
56
-99
-88
-90
-89
-83
89
-91
97
106
74
83
101
91
92
-90
-92
-75
82
-70
99
81
-96
85
-95
82
75
81
81
100
93
-90
-34
74
-103
-75
84
-95
95
-105
100
-102
-88
74
99
87
-99
86
-100
86
-78
73
